time,value,page,rnd
1710439424.421875,0.78125,ConsentWaitPage,-2
1710439432.46875,0.796875,ConsentWaitPage,-2
1710439433.296875,0.828125,ConsentWaitPage,-2
1710439434.125,0.828125,ConsentWaitPage,-2
1710439434.90625,0.78125,ConsentWaitPage,-2
1710439435.734375,0.828125,ConsentWaitPage,-2
1710439450.609375,0.59375,ConsentWaitPage,-2
1710439458.3125,0.796875,ConsentWaitPage,-2
1710439459.1875,0.875,ConsentWaitPage,-2
1710439460.09375,0.90625,ConsentWaitPage,-2
1710439461.03125,0.9375,ConsentWaitPage,-2
1710439461.90625,0.875,ConsentWaitPage,-2
1710439462.78125,0.875,ConsentWaitPage,-2
1710439463.65625,0.875,ConsentWaitPage,-2
1710439464.53125,0.875,ConsentWaitPage,-2
1710439465.390625,0.859375,ConsentWaitPage,-2
1710439466.234375,0.84375,ConsentWaitPage,-2
1710439467.0625,0.828125,ConsentWaitPage,-2
1710439467.921875,0.859375,ConsentWaitPage,-2
1710439468.8125,0.890625,ConsentWaitPage,-2
1710439469.65625,0.84375,ConsentWaitPage,-2
1710439470.546875,0.890625,ConsentWaitPage,-2
1710439471.53125,0.984375,ConsentWaitPage,-2
1710439472.546875,1.015625,ConsentWaitPage,-2
1710439476.9375,0.84375,ConsentWaitPage,-2
1710439477.71875,0.78125,ConsentWaitPage,-2
1710439478.5625,0.84375,ConsentWaitPage,-2
1710439479.46875,0.90625,ConsentWaitPage,-2
1710439480.265625,0.796875,ConsentWaitPage,-2
1710439481.046875,0.78125,ConsentWaitPage,-2
1710439481.90625,0.859375,ConsentWaitPage,-2
1710439482.8125,0.90625,ConsentWaitPage,-2
1710439483.59375,0.78125,ConsentWaitPage,-2
1710439493.09375,0.671875,ConsentWaitPage,-2
1710439512.21875,0.65625,ConsentWaitPage,-2
1710439581.171875,0.640625,ConsentWaitPage,-2
1710439587.3125,0.890625,ConsentWaitPage,-2
1710439588.09375,0.78125,ConsentPage,-2
1710439588.859375,0.765625,ConsentPage,-2
1710439589.671875,0.8125,ConsentPage,-2
1710439590.5,0.828125,ConsentPage,-2
1710439608.46875,0.8125,PreMarketWait,1
1710439609.375,0.90625,PreMarketWait,1
1710439626.328125,0.71875,PreMarketWait,1
1710439627.0625,0.734375,PreMarketWait,1
1710439638.515625,0.90625,PreMarketWait,1
1710439639.5625,1.046875,PreMarketWait,1
1710439689.703125,0.796875,PreMarketWait,1
1710439690.546875,0.84375,PreMarketWait,1
1710439691.40625,0.859375,PreMarketWait,1
1710439692.296875,0.890625,PreMarketWait,1
1710439693.15625,0.859375,PreMarketWait,1
1710439708.5625,0.90625,PreMarketWait,1
1710439709.46875,0.90625,PreMarketWait,1
1710439710.375,0.90625,PreMarketWait,1
1710439711.109375,0.734375,PreMarketWait,1
1710439711.984375,0.875,PreMarketWait,1
1710439712.84375,0.859375,PreMarketWait,1
1710439728.703125,0.734375,PreMarketWait,1
1710439729.5,0.796875,PreMarketWait,1
1710439730.375,0.875,PreMarketWait,1
1710439731.28125,0.90625,PreMarketWait,1
1710439732.015625,0.734375,PreMarketWait,1
1710439732.84375,0.828125,PreMarketWait,1
1710439733.6875,0.84375,PreMarketWait,1
1710439734.5625,0.875,PreMarketWait,1
1710439735.390625,0.828125,PreMarketWait,1
1710439748.125,0.765625,PreMarketWait,1
1710439748.828125,0.703125,PreMarketWait,1
1710439749.53125,0.703125,PreMarketWait,1
1710439750.265625,0.734375,PreMarketWait,1
1710439750.84375,0.578125,PreMarketWait,1
1710439755.625,0.84375,PreMarketWait,1
1710439824.859375,0.90625,PreMarketWait,1
1710439825.65625,0.796875,PreMarketWait,1
1710439826.6875,1.03125,PreMarketWait,1
1710439827.671875,0.984375,PreMarketWait,1
1710439828.59375,0.921875,PreMarketWait,1
1710440030.078125,0.9375,ForecastPage,1
1710440030.8125,0.734375,ForecastPage,1
1710440037.28125,0.828125,ForecastPage,1
1710440038.21875,0.9375,ForecastPage,1
1710440039.234375,1.015625,ForecastPage,1
1710440040.140625,0.90625,ForecastPage,1
1710440041.03125,0.890625,ForecastPage,1
1710440042.078125,1.046875,ForecastPage,1
1710440043.15625,1.078125,ForecastPage,1
1710440124.125,0.984375,ForecastPage,2
1710440205.203125,0.953125,MarketGridChoice,3
1710440229.296875,0.671875,ForecastPage,3
1710440230.0,0.703125,ForecastPage,3
1710440230.65625,0.65625,ForecastPage,3
1710440231.296875,0.640625,ForecastPage,3
1710440262.359375,0.53125,RiskPage3,3
1710440262.84375,0.484375,RiskPage3,3
1710440320.46875,0.96875,ForecastPage,4
1710440395.78125,0.59375,ForecastPage,5
1710440396.5,0.71875,ForecastPage,5
1710440432.296875,0.578125,RiskPage2,5
1710440456.53125,0.6875,MarketGridChoice,6
1710440457.1875,0.65625,MarketGridChoice,6
1710440725.828125,0.6875,MarketGridChoice,9
1710440726.515625,0.6875,MarketGridChoice,9
1710440727.15625,0.640625,MarketGridChoice,9
1710440727.828125,0.671875,MarketGridChoice,9
1710440728.484375,0.65625,MarketGridChoice,9
1710440729.140625,0.65625,MarketGridChoice,9
1710440729.796875,0.65625,MarketGridChoice,9
1710440730.484375,0.6875,MarketGridChoice,9
1710440731.234375,0.75,MarketGridChoice,9
1710440731.96875,0.734375,MarketGridChoice,9
1710440732.875,0.90625,MarketGridChoice,9
1710440733.609375,0.734375,MarketGridChoice,9
1710440734.40625,0.796875,MarketGridChoice,9
1710440735.25,0.84375,MarketGridChoice,9
1710440736.140625,0.890625,MarketGridChoice,9
1710440737.078125,0.9375,MarketGridChoice,9
1710440738.078125,1.0,MarketGridChoice,9
1710440739.03125,0.953125,MarketGridChoice,9
1710440739.84375,0.8125,MarketGridChoice,9
1710440740.609375,0.765625,MarketGridChoice,9
1710440741.40625,0.796875,MarketGridChoice,9
1710440742.234375,0.828125,ForecastPage,9
1710440743.078125,0.84375,ForecastPage,9
1710440743.765625,0.6875,ForecastPage,9
1710440744.734375,0.96875,ForecastPage,9
1710440745.625,0.890625,ForecastPage,9
1710440785.625,0.890625,RiskPage1,9
1710440786.453125,0.828125,RiskPage1,9
1710440787.328125,0.875,RiskPage1,9
1710440788.21875,0.890625,RiskPage1,9
1710440789.3125,1.09375,RiskPage1,9
1710440790.15625,0.84375,RiskPage2,9
1710440791.0,0.84375,RiskPage2,9
1710440804.34375,0.75,RiskPage4,9
1710440805.234375,0.890625,RiskPage4,9
1710440806.09375,0.859375,PreMarketWait,10
1710440806.921875,0.828125,PreMarketWait,10
1710440807.578125,0.65625,PreMarketWait,10
1710440819.515625,0.765625,MarketGridChoice,10
1710440820.1875,0.671875,MarketGridChoice,10
1710440821.109375,0.921875,MarketGridChoice,10
1710440821.9375,0.828125,MarketGridChoice,10
1710440827.609375,0.75,MarketGridChoice,10
1710440828.390625,0.78125,MarketGridChoice,10
1710440829.296875,0.90625,MarketGridChoice,10
1710440830.1875,0.890625,MarketGridChoice,10
1710440838.734375,0.71875,ForecastPage,10
1710440839.453125,0.71875,ForecastPage,10
1710440840.0625,0.609375,ForecastPage,10
1710440850.390625,0.859375,ForecastPage,10
1710440868.09375,0.59375,RoundResultsPage,10
1710440868.703125,0.609375,RoundResultsPage,10
1710440869.296875,0.59375,RoundResultsPage,10
1710440869.96875,0.671875,RoundResultsPage,10
1710440870.65625,0.6875,RoundResultsPage,10
1710440871.375,0.71875,RoundResultsPage,10
1710440872.09375,0.71875,RoundResultsPage,10
1710440872.8125,0.71875,RoundResultsPage,10
1710440873.59375,0.78125,RoundResultsPage,10
1710440874.171875,0.578125,RiskPage1,10
1710440885.625,0.734375,RiskPage3,10
1710440886.375,0.75,RiskPage3,10
1710440924.4375,0.84375,ForecastPage,11
1710440925.3125,0.875,ForecastPage,11
1710441001.40625,0.75,MarketGridChoice,12
1710441002.078125,0.671875,MarketGridChoice,12
1710441020.8125,0.765625,ForecastPage,12
1710441021.75,0.9375,ForecastPage,12
1710441022.734375,0.984375,ForecastPage,12
1710441023.5625,0.828125,ForecastPage,12
1710441043.796875,1.0625,RoundResultsPage,12
1710441058.09375,0.40625,RiskPage1,12
1710441066.65625,0.765625,RiskPage3,12
1710441067.40625,0.75,RiskPage3,12
1710441068.171875,0.765625,RiskPage3,12
1710441072.765625,0.9375,RiskPage4,12
1710441073.515625,0.75,RiskPage4,12
1710441082.0625,0.953125,MarketGridChoice,13
1710441083.078125,1.015625,MarketGridChoice,13
1710441083.984375,0.90625,MarketGridChoice,13
1710441084.9375,0.953125,MarketGridChoice,13
1710441085.921875,0.984375,MarketGridChoice,13
1710441086.796875,0.875,MarketGridChoice,13
1710441087.6875,0.890625,MarketGridChoice,13
1710441114.53125,0.765625,ForecastPage,13
1710441115.390625,0.859375,ForecastPage,13
1710441116.359375,0.96875,ForecastPage,13
1710441117.28125,0.921875,ForecastPage,13
1710441118.09375,0.8125,ForecastPage,13
1710441118.984375,0.890625,ForecastPage,13
1710441119.890625,0.90625,ForecastPage,13
1710441120.765625,0.875,ForecastPage,13
1710441121.578125,0.8125,ForecastPage,13
1710441139.75,0.65625,RoundResultsPage,13
1710441140.4375,0.6875,RoundResultsPage,13
1710441141.125,0.6875,RoundResultsPage,13
1710441142.0,0.875,RoundResultsPage,13
1710441161.796875,0.8125,RiskPage4,13
1710441162.671875,0.875,RiskPage4,13
1710441163.53125,0.859375,RiskPage4,13
1710441164.3125,0.78125,RiskPage4,13
1710441171.6875,0.859375,MarketGridChoice,14
1710441172.578125,0.890625,MarketGridChoice,14
1710441173.46875,0.890625,MarketGridChoice,14
1710441174.375,0.90625,MarketGridChoice,14
1710441175.1875,0.8125,MarketGridChoice,14
1710441208.75,0.953125,ForecastPage,14
1710441209.703125,0.953125,ForecastPage,14
1710441293.265625,0.71875,ForecastPage,15
1710441294.015625,0.75,ForecastPage,15
1710441300.109375,1.03125,ForecastPage,15
1710441301.234375,1.125,ForecastPage,15
1710441302.390625,1.15625,ForecastPage,15
1710441303.5,1.109375,ForecastPage,15
1710441304.5625,1.0625,ForecastPage,15
1710441305.640625,1.078125,ForecastPage,15
1710441306.703125,1.0625,ForecastPage,15
1710441307.765625,1.0625,ForecastPage,15
1710441308.625,0.859375,ForecastPage,15
1710441309.546875,0.921875,ForecastPage,15
1710441370.0625,0.90625,ForecastPage,16
1710441370.875,0.8125,ForecastPage,16
1710441371.65625,0.78125,ForecastPage,16
1710441372.40625,0.75,ForecastPage,16
1710441373.234375,0.828125,ForecastPage,16
1710441374.21875,0.984375,ForecastPage,16
1710441375.046875,0.828125,ForecastPage,16
1710441375.875,0.828125,ForecastPage,16
1710441382.25,0.953125,ForecastPage,16
1710441383.1875,0.9375,ForecastPage,16
1710441384.21875,1.03125,ForecastPage,16
1710441385.125,0.90625,ForecastPage,16
1710441385.96875,0.84375,ForecastPage,16
1710441386.890625,0.921875,ForecastPage,16
1710441387.90625,1.015625,ForecastPage,16
1710441388.78125,0.875,ForecastPage,16
1710441389.78125,1.0,ForecastPage,16
1710441424.75,0.765625,RiskPage3,16
1710441430.265625,1.0,RiskPage4,16
1710441431.296875,1.03125,RiskPage4,16
1710441432.328125,1.03125,PreMarketWait,17
1710441433.421875,1.09375,PreMarketWait,17
1710441461.46875,0.765625,ForecastPage,17
1710441476.90625,0.9375,ForecastPage,17
1710441477.703125,0.796875,ForecastPage,17
1710441487.125,1.046875,MarketWaitPage,17
1710441488.25,1.125,MarketWaitPage,17
1710441489.34375,1.09375,RoundResultsPage,17
1710441490.375,1.03125,RoundResultsPage,17
1710441491.28125,0.90625,RoundResultsPage,17
1710441492.34375,1.0625,RoundResultsPage,17
1710441562.625,0.734375,ForecastPage,18
1710441568.84375,1.078125,ForecastPage,18
1710441569.9375,1.09375,ForecastPage,18
1710441570.796875,0.859375,ForecastPage,18
1710441571.90625,1.109375,ForecastPage,18
1710441595.953125,1.078125,RiskPage1,18
1710441596.890625,0.9375,RiskPage1,18
1710441597.703125,0.8125,RiskPage1,18
1710441616.953125,0.65625,PreMarketWait,19
1710441617.8125,0.859375,PreMarketWait,19
1710441650.703125,0.78125,MarketGridChoice,19
1710441651.5,0.796875,MarketGridChoice,19
1710441652.34375,0.84375,MarketGridChoice,19
1710441653.15625,0.8125,MarketGridChoice,19
1710441653.890625,0.734375,MarketGridChoice,19
1710441654.703125,0.8125,MarketGridChoice,19
1710441655.5625,0.859375,MarketGridChoice,19
1710441722.328125,0.921875,RiskPage2,19
1710441802.65625,0.453125,RoundResultsPage,20
1710441809.015625,0.65625,RiskPage1,20
1710441809.84375,0.828125,RiskPage1,20
1710441816.734375,0.59375,RiskPage3,20
1710441876.890625,0.6875,ForecastPage,21
1710441968.015625,0.875,ForecastPage,22
1710441968.953125,0.9375,ForecastPage,22
1710441969.96875,1.015625,ForecastPage,22
1710441970.828125,0.859375,ForecastPage,22
1710441971.703125,0.875,ForecastPage,22
1710441972.5625,0.859375,ForecastPage,22
1710441973.4375,0.875,ForecastPage,22
1710441974.53125,1.09375,ForecastPage,22
1710442035.59375,1.015625,MarketGridChoice,23
1710442036.59375,1.0,MarketGridChoice,23
1710442037.671875,1.078125,MarketGridChoice,23
1710442123.828125,1.03125,MarketGridChoice,24
1710442124.640625,0.8125,MarketGridChoice,24
1710442125.453125,0.8125,MarketGridChoice,24
1710442126.40625,0.953125,MarketGridChoice,24
1710442127.40625,1.0,MarketGridChoice,24
1710442128.28125,0.875,MarketGridChoice,24
1710442146.671875,1.0,ForecastPage,24
1710442147.484375,0.8125,ForecastPage,24
1710442148.375,0.890625,ForecastPage,24
1710442236.359375,1.046875,ForecastPage,25
1710442237.390625,1.03125,ForecastPage,25
1710442238.234375,0.84375,ForecastPage,25
1710442239.171875,0.9375,ForecastPage,25
1710442239.984375,0.8125,ForecastPage,25
1710442240.78125,0.796875,ForecastPage,25
1710442241.640625,0.859375,ForecastPage,25
1710442264.984375,0.34375,RoundResultsPage,25
1710442392.15625,0.953125,MarketGridChoice,27
1710442510.296875,0.875,ForecastPage,28
1710442576.875,0.875,MarketGridChoice,29
1710442577.75,0.875,MarketGridChoice,29
1710442578.453125,0.703125,ForecastPage,29
1710442699.171875,0.859375,RoundResultsPage,30
1710442739.59375,0.890625,FinalResultsPage,30
