time,value,page,rnd
1712259171.40625,0.84375,ConsentWaitPage,-2
1712259565.34375,0.828125,ForecastPage,1
1712259566.390625,1.046875,ForecastPage,1
1712259567.1875,0.796875,ForecastPage,1
1712259567.984375,0.796875,ForecastPage,1
1712259568.796875,0.8125,ForecastPage,1
1712259694.46875,0.796875,RiskPage4,2
1712259703.015625,0.890625,MarketGridChoice,3
1712259711.015625,0.90625,MarketGridChoice,3
1712259763.53125,0.90625,RoundResultsPage,3
1712260209.84375,0.734375,RoundResultsPage,8
1712260215.859375,0.953125,RiskPage1,8
1712260229.296875,0.796875,RiskPage4,8
1712260230.0625,0.765625,RiskPage4,8
1712260230.921875,0.859375,RiskPage4,8
1712260231.75,0.828125,RiskPage4,8
1712260232.546875,0.796875,RiskPage4,8
1712260233.34375,0.796875,RiskPage4,8
1712260234.09375,0.75,PreMarketWait,9
1712260234.875,0.78125,PreMarketWait,9
1712260235.734375,0.859375,PreMarketWait,9
1712260236.625,0.890625,PreMarketWait,9
1712260237.453125,0.828125,PreMarketWait,9
1712260238.3125,0.859375,MarketGridChoice,9
1712260239.15625,0.84375,MarketGridChoice,9
1712260240.03125,0.875,MarketGridChoice,9
1712260240.953125,0.921875,MarketGridChoice,9
1712260241.765625,0.8125,MarketGridChoice,9
1712260242.578125,0.8125,MarketGridChoice,9
1712260243.421875,0.84375,MarketGridChoice,9
1712260250.125,0.8125,MarketGridChoice,9
1712260250.984375,0.859375,MarketGridChoice,9
1712260251.859375,0.875,MarketGridChoice,9
1712260257.21875,0.90625,MarketGridChoice,9
1712260258.125,0.90625,MarketGridChoice,9
1712260259.0625,0.9375,ForecastPage,9
1712260260.015625,0.953125,ForecastPage,9
1712260260.9375,0.921875,ForecastPage,9
1712260261.828125,0.890625,ForecastPage,9
1712260262.703125,0.875,ForecastPage,9
1712260267.9375,0.890625,ForecastPage,9
1712260268.75,0.8125,ForecastPage,9
1712260269.59375,0.84375,ForecastPage,9
1712260270.484375,0.890625,ForecastPage,9
1712260271.359375,0.875,ForecastPage,9
1712260272.21875,0.859375,ForecastPage,9
1712260273.0625,0.84375,ForecastPage,9
1712260273.921875,0.859375,ForecastPage,9
1712260274.8125,0.890625,ForecastPage,9
1712260275.671875,0.859375,ForecastPage,9
1712260276.5,0.828125,ForecastPage,9
1712260277.34375,0.84375,ForecastPage,9
1712260278.21875,0.875,ForecastPage,9
1712260279.09375,0.875,ForecastPage,9
1712260279.9375,0.84375,ForecastPage,9
1712260280.765625,0.828125,ForecastPage,9
1712260281.609375,0.84375,ForecastPage,9
1712260282.40625,0.796875,ForecastPage,9
1712260283.234375,0.828125,ForecastPage,9
1712260284.0625,0.828125,ForecastPage,9
1712260284.921875,0.859375,ForecastPage,9
1712260285.78125,0.859375,ForecastPage,9
1712260286.609375,0.828125,ForecastPage,9
1712260287.375,0.765625,ForecastPage,9
1712260296.375,0.859375,RoundResultsPage,9
1712260297.140625,0.765625,RoundResultsPage,9
1712260298.0625,0.921875,RoundResultsPage,9
1712260298.875,0.8125,RoundResultsPage,9
1712260299.734375,0.859375,RoundResultsPage,9
1712260343.546875,0.703125,MarketGridChoice,10
1712260351.953125,0.84375,ForecastPage,10
1712260352.828125,0.875,ForecastPage,10
1712260353.703125,0.875,ForecastPage,10
1712260475.46875,0.921875,RoundResultsPage,11
1712260476.375,0.90625,RoundResultsPage,11
1712260485.078125,0.6875,RiskPage1,11
1712260490.875,0.90625,RiskPage2,11
1712260491.703125,0.828125,RiskPage2,11
1712260492.59375,0.890625,RiskPage3,11
1712260493.5,0.90625,RiskPage3,11
1712260494.40625,0.90625,RiskPage3,11
1712260495.265625,0.859375,RiskPage3,11
1712260496.125,0.859375,RiskPage3,11
1712260497.0,0.875,RiskPage3,11
1712260497.890625,0.890625,RiskPage4,11
1712260498.8125,0.921875,RiskPage4,11
1712260499.625,0.8125,RiskPage4,11
1712260500.4375,0.8125,RiskPage4,11
1712260501.359375,0.921875,RiskPage4,11
1712260502.25,0.890625,RiskPage4,11
1712260503.078125,0.828125,PreMarketWait,12
1712260543.40625,0.8125,ForecastPage,12
1712260544.296875,0.890625,ForecastPage,12
1712260545.1875,0.890625,ForecastPage,12
1712260546.015625,0.828125,ForecastPage,12
1712260546.875,0.859375,ForecastPage,12
1712260547.578125,0.703125,ForecastPage,12
1712260548.5625,0.984375,ForecastPage,12
1712260549.3125,0.75,ForecastPage,12
1712260552.875,0.875,ForecastPage,12
1712260553.75,0.875,ForecastPage,12
1712260570.953125,0.828125,RoundResultsPage,12
1712260571.84375,0.890625,RiskPage1,12
1712260572.53125,0.6875,RiskPage1,12
1712260573.328125,0.796875,RiskPage1,12
1712260574.15625,0.828125,RiskPage1,12
1712260575.015625,0.859375,RiskPage1,12
1712260575.90625,0.890625,RiskPage1,12
1712260576.8125,0.90625,RiskPage2,12
1712260577.6875,0.875,RiskPage2,12
1712260578.4375,0.75,RiskPage2,12
1712260579.484375,1.046875,RiskPage2,12
1712260580.375,0.890625,RiskPage2,12
1712260581.21875,0.84375,RiskPage3,12
1712260582.09375,0.875,RiskPage3,12
1712260582.90625,0.8125,RiskPage3,12
1712260583.734375,0.828125,RiskPage3,12
1712260590.859375,0.609375,RiskPage4,12
1712260591.625,0.765625,RiskPage4,12
1712260602.9375,0.71875,MarketGridChoice,13
1712260630.078125,0.78125,ForecastPage,13
1712260643.21875,0.578125,ForecastPage,13
1712260695.1875,0.65625,MarketGridChoice,14
1712260707.25,0.890625,ForecastPage,14
1712260778.703125,0.921875,MarketGridChoice,15
1712260817.546875,0.9375,ForecastPage,15
1712260818.5,0.953125,ForecastPage,15
1712260819.421875,0.921875,ForecastPage,15
1712260820.3125,0.890625,ForecastPage,15
1712260821.234375,0.921875,ForecastPage,15
1712260822.15625,0.921875,ForecastPage,15
1712260923.484375,0.84375,RoundResultsPage,16
1712260990.03125,1.0,ForecastPage,17
1712261003.875,0.8125,ForecastPage,17
1712261004.734375,0.859375,MarketWaitPage,17
1712261064.5625,0.9375,ForecastPage,18
1712261065.546875,0.984375,ForecastPage,18
1712261272.296875,1.125,RoundResultsPage,20
1712261273.078125,0.78125,RoundResultsPage,20
1712261273.859375,0.78125,RoundResultsPage,20
