time,value,page,rnd
1723053808.28125,1.203125,PreMarketWait,1
1723053809.265625,0.984375,PreMarketWait,1
1723053810.203125,0.9375,PreMarketWait,1
1723053811.34375,1.140625,PreMarketWait,1
1723053858.703125,0.625,PreMarketWait,1
1723053875.34375,0.890625,PreMarketWait,1
1723053876.484375,1.140625,PreMarketWait,1
1723053930.40625,0.375,PreMarketWait,1
1723053988.0625,0.390625,PreMarketWait,1
1723053992.890625,0.40625,PreMarketWait,1
1723054242.796875,1.015625,ForecastPage,2
1723054340.578125,0.90625,ForecastPage,3
1723054341.546875,0.96875,ForecastPage,3
1723054666.046875,1.09375,MarketGridChoice,6
1723054667.125,1.078125,MarketGridChoice,6
1723054668.09375,0.96875,MarketGridChoice,6
1723054669.0,0.90625,MarketGridChoice,6
1723054693.390625,0.90625,ForecastPage,6
1723054694.390625,1.0,ForecastPage,6
1723054695.359375,0.96875,ForecastPage,6
1723054715.9375,0.984375,RoundResultsPage,6
1723054748.390625,0.78125,PreMarketWait,7
1723054749.15625,0.765625,PreMarketWait,7
1723054749.953125,0.796875,PreMarketWait,7
1723054758.3125,1.078125,MarketGridChoice,7
1723054759.21875,0.90625,MarketGridChoice,7
1723054760.203125,0.984375,MarketGridChoice,7
1723054761.328125,1.125,MarketGridChoice,7
1723054762.3125,0.984375,MarketGridChoice,7
1723054763.375,1.0625,MarketGridChoice,7
1723054764.21875,0.84375,MarketGridChoice,7
1723054765.203125,0.984375,MarketGridChoice,7
1723054766.28125,1.078125,MarketGridChoice,7
1723054767.15625,0.875,MarketGridChoice,7
1723054768.140625,0.984375,MarketGridChoice,7
1723054769.0625,0.921875,MarketGridChoice,7
1723054770.1875,1.125,MarketGridChoice,7
1723054771.234375,1.046875,MarketGridChoice,7
1723054772.28125,1.046875,MarketGridChoice,7
1723054773.28125,1.0,MarketGridChoice,7
1723054774.140625,0.859375,MarketGridChoice,7
1723054775.25,1.109375,ForecastPage,7
1723054776.3125,1.0625,ForecastPage,7
1723054777.4375,1.125,ForecastPage,7
1723054778.578125,1.140625,ForecastPage,7
1723054789.8125,1.0,ForecastPage,7
1723054790.703125,0.890625,ForecastPage,7
1723054791.890625,1.1875,ForecastPage,7
1723054807.9375,1.015625,MarketWaitPage,7
1723054829.875,0.90625,RiskPage2,7
1723054830.84375,0.96875,RiskPage2,7
1723054847.546875,0.984375,PreMarketWait,8
1723054848.53125,0.984375,PreMarketWait,8
1723054858.25,0.96875,MarketGridChoice,8
1723054866.96875,0.8125,MarketGridChoice,8
1723054867.96875,1.0,MarketGridChoice,8
1723055178.265625,0.4375,RoundResultsPage,10
1723055248.6875,0.96875,MarketGridChoice,11
1723055249.671875,0.984375,MarketGridChoice,11
1723055250.65625,0.984375,MarketGridChoice,11
1723055263.125,0.84375,ForecastPage,11
1723055264.03125,0.90625,ForecastPage,11
1723055265.0,0.96875,ForecastPage,11
1723055265.9375,0.9375,ForecastPage,11
1723055266.90625,0.96875,ForecastPage,11
1723055267.828125,0.921875,ForecastPage,11
1723055268.90625,1.078125,ForecastPage,11
1723055269.984375,1.078125,ForecastPage,11
1723055271.0,1.015625,ForecastPage,11
1723055272.015625,1.015625,ForecastPage,11
1723055272.953125,0.9375,ForecastPage,11
1723055273.96875,1.015625,ForecastPage,11
1723055274.953125,0.984375,ForecastPage,11
1723055275.90625,0.953125,ForecastPage,11
1723055276.921875,1.015625,ForecastPage,11
1723055295.34375,0.96875,MarketWaitPage,11
1723055343.671875,0.984375,PreMarketWait,12
1723055344.9375,1.265625,PreMarketWait,12
1723055373.34375,1.046875,ForecastPage,12
1723055374.421875,1.078125,ForecastPage,12
1723055381.375,0.90625,ForecastPage,12
1723055382.453125,1.078125,ForecastPage,12
1723055383.484375,1.03125,ForecastPage,12
1723055384.421875,0.9375,ForecastPage,12
1723055385.359375,0.9375,ForecastPage,12
1723055386.1875,0.828125,ForecastPage,12
1723055386.96875,0.78125,ForecastPage,12
1723055392.984375,0.96875,ForecastPage,12
1723055393.90625,0.921875,ForecastPage,12
1723055446.234375,1.0,PreMarketWait,13
1723055485.3125,0.984375,ForecastPage,13
1723055500.671875,0.984375,ForecastPage,13
1723055501.53125,0.859375,ForecastPage,13
1723055502.40625,0.875,ForecastPage,13
1723055503.34375,0.9375,MarketWaitPage,13
1723055504.3125,0.96875,MarketWaitPage,13
1723055505.328125,1.015625,MarketWaitPage,13
1723055506.34375,1.015625,MarketWaitPage,13
1723055507.375,1.03125,RoundResultsPage,13
1723055508.421875,1.046875,RoundResultsPage,13
1723055509.40625,0.984375,RoundResultsPage,13
1723055510.28125,0.875,RoundResultsPage,13
1723055511.296875,1.015625,RoundResultsPage,13
1723055512.3125,1.015625,RoundResultsPage,13
1723055513.265625,0.953125,RoundResultsPage,13
1723055514.234375,0.96875,RoundResultsPage,13
1723055555.671875,0.734375,MarketGridChoice,14
1723055572.953125,0.90625,ForecastPage,14
1723055579.078125,1.046875,ForecastPage,14
1723055580.078125,1.0,ForecastPage,14
1723055581.171875,1.09375,ForecastPage,14
1723055582.171875,1.0,ForecastPage,14
1723055583.09375,0.921875,ForecastPage,14
1723055584.1875,1.09375,ForecastPage,14
1723055597.09375,1.0,MarketWaitPage,14
1723055609.953125,0.984375,RoundResultsPage,14
1723055611.046875,1.09375,RoundResultsPage,14
1723055612.109375,1.0625,RiskPage1,14
1723055613.21875,1.109375,RiskPage1,14
1723055614.1875,0.96875,RiskPage1,14
1723055615.234375,1.046875,RiskPage1,14
1723055653.359375,0.375,MarketGridChoice,15
1723055653.71875,0.359375,MarketGridChoice,15
1723055654.0625,0.34375,MarketGridChoice,15
1723055656.78125,0.34375,MarketGridChoice,15
1723055674.3125,0.484375,ForecastPage,15
1723055745.0,0.875,PreMarketWait,16
1723055746.015625,1.015625,PreMarketWait,16
1723055758.015625,0.859375,MarketGridChoice,16
1723055768.53125,0.859375,ForecastPage,16
1723055769.53125,1.0,ForecastPage,16
1723055776.953125,0.953125,ForecastPage,16
1723055777.921875,0.96875,ForecastPage,16
1723055778.953125,1.03125,ForecastPage,16
1723055779.890625,0.9375,ForecastPage,16
1723055780.84375,0.953125,ForecastPage,16
1723055781.875,1.03125,ForecastPage,16
1723055782.703125,0.828125,ForecastPage,16
1723055787.96875,0.96875,ForecastPage,16
1723055788.9375,0.96875,ForecastPage,16
1723055789.84375,0.90625,ForecastPage,16
1723055790.8125,0.96875,ForecastPage,16
1723055791.71875,0.90625,ForecastPage,16
1723055806.03125,1.078125,RoundResultsPage,16
1723055807.015625,0.984375,RoundResultsPage,16
1723055808.015625,1.0,RoundResultsPage,16
1723055813.625,0.84375,RiskPage1,16
1723055821.4375,0.921875,RiskPage2,16
1723055822.34375,0.90625,RiskPage2,16
1723055829.4375,1.046875,RiskPage4,16
1723055830.421875,0.984375,RiskPage4,16
1723055831.359375,0.9375,RiskPage4,16
1723055832.265625,0.90625,RiskPage4,16
1723055838.90625,1.03125,PreMarketWait,17
1723055839.921875,1.015625,PreMarketWait,17
1723055840.921875,1.0,PreMarketWait,17
1723055841.890625,0.96875,PreMarketWait,17
1723055842.8125,0.921875,PreMarketWait,17
1723055843.609375,0.796875,MarketGridChoice,17
1723055844.65625,1.046875,MarketGridChoice,17
1723055845.46875,0.8125,MarketGridChoice,17
1723055846.3125,0.84375,MarketGridChoice,17
1723055847.15625,0.84375,MarketGridChoice,17
1723055848.125,0.96875,MarketGridChoice,17
1723055849.078125,0.953125,MarketGridChoice,17
1723055850.203125,1.125,MarketGridChoice,17
1723055875.03125,1.0,ForecastPage,17
1723055875.8125,0.78125,ForecastPage,17
1723055881.359375,0.828125,ForecastPage,17
1723055882.109375,0.75,ForecastPage,17
1723055883.140625,1.03125,ForecastPage,17
1723055892.65625,0.71875,ForecastPage,17
1723055898.640625,0.71875,RoundResultsPage,17
1723055899.390625,0.75,RoundResultsPage,17
1723056527.109375,1.09375,MarketGridChoice,24
1723056528.140625,1.03125,MarketGridChoice,24
1723056529.265625,1.125,MarketGridChoice,24
1723056530.375,1.109375,MarketGridChoice,24
1723056531.453125,1.078125,MarketGridChoice,24
1723056532.65625,1.203125,MarketGridChoice,24
1723056533.8125,1.15625,MarketGridChoice,24
1723056534.875,1.0625,MarketGridChoice,24
1723056637.265625,1.296875,PreMarketWait,25
1723056638.21875,0.953125,PreMarketWait,25
1723056639.171875,0.953125,PreMarketWait,25
1723056639.984375,0.8125,PreMarketWait,25
1723056662.8125,0.90625,MarketGridChoice,25
1723056663.796875,0.984375,MarketGridChoice,25
1723056682.09375,0.828125,ForecastPage,25
1723056682.875,0.78125,ForecastPage,25
1723056683.703125,0.828125,ForecastPage,25
1723056684.609375,0.90625,ForecastPage,25
1723056685.390625,0.78125,ForecastPage,25
1723056686.4375,1.046875,ForecastPage,25
1723056687.40625,0.96875,ForecastPage,25
1723056688.609375,1.203125,ForecastPage,25
1723056701.078125,1.0625,RoundResultsPage,25
1723056702.125,1.046875,RoundResultsPage,25
1723056703.15625,1.03125,RoundResultsPage,25
1723056704.109375,0.953125,RoundResultsPage,25
1723056705.078125,0.96875,RoundResultsPage,25
1723056706.0625,0.984375,RoundResultsPage,25
1723056706.90625,0.84375,RoundResultsPage,25
1723056707.65625,0.75,RoundResultsPage,25
1723056708.359375,0.703125,RoundResultsPage,25
1723056716.03125,1.015625,RiskPage2,25
1723056716.84375,0.8125,RiskPage2,25
1723056717.703125,0.859375,RiskPage2,25
1723056718.8125,1.109375,RiskPage2,25
1723056719.65625,0.84375,RiskPage2,25
1723056720.5625,0.90625,RiskPage3,25
1723056737.921875,0.78125,PreMarketWait,26
1723056738.640625,0.71875,PreMarketWait,26
1723056739.3125,0.671875,PreMarketWait,26
1723056778.625,0.90625,ForecastPage,26
