time,value,page,rnd
1723053743.515625,0.78125,PreMarketWait,1
1723053744.3125,0.796875,PreMarketWait,1
1723053745.09375,0.78125,PreMarketWait,1
1723053746.015625,0.921875,PreMarketWait,1
1723053761.140625,0.78125,PreMarketWait,1
1723053777.09375,0.8125,PreMarketWait,1
1723053801.375,0.53125,PreMarketWait,1
1723053805.578125,0.8125,PreMarketWait,1
1723053806.390625,0.8125,PreMarketWait,1
1723053807.265625,0.875,PreMarketWait,1
1723053808.125,0.859375,PreMarketWait,1
1723053808.9375,0.8125,PreMarketWait,1
1723053809.8125,0.875,PreMarketWait,1
1723053815.421875,0.796875,PreMarketWait,1
1723053821.046875,0.8125,PreMarketWait,1
1723053821.8125,0.765625,PreMarketWait,1
1723053822.625,0.8125,PreMarketWait,1
1723053823.375,0.75,PreMarketWait,1
1723053840.078125,0.734375,PreMarketWait,1
1723053840.84375,0.765625,PreMarketWait,1
1723053841.625,0.78125,PreMarketWait,1
1723053842.390625,0.765625,PreMarketWait,1
1723053843.171875,0.78125,PreMarketWait,1
1723053843.921875,0.75,PreMarketWait,1
1723053844.765625,0.84375,PreMarketWait,1
1723053845.578125,0.8125,PreMarketWait,1
1723053846.40625,0.828125,PreMarketWait,1
1723053847.203125,0.796875,PreMarketWait,1
1723053848.046875,0.84375,PreMarketWait,1
1723053848.890625,0.84375,PreMarketWait,1
1723053849.734375,0.84375,PreMarketWait,1
1723053850.5625,0.828125,PreMarketWait,1
1723053851.390625,0.828125,PreMarketWait,1
1723053852.25,0.859375,PreMarketWait,1
1723053853.046875,0.796875,PreMarketWait,1
1723053853.90625,0.859375,PreMarketWait,1
1723053854.78125,0.875,PreMarketWait,1
1723053861.453125,0.796875,PreMarketWait,1
1723053862.28125,0.828125,PreMarketWait,1
1723053862.9375,0.65625,PreMarketWait,1
1723053867.125,0.828125,PreMarketWait,1
1723053867.984375,0.859375,PreMarketWait,1
1723053868.796875,0.8125,PreMarketWait,1
1723053869.609375,0.8125,PreMarketWait,1
1723053870.421875,0.8125,PreMarketWait,1
1723053871.25,0.828125,PreMarketWait,1
1723053872.0625,0.8125,PreMarketWait,1
1723053872.90625,0.84375,PreMarketWait,1
1723053873.796875,0.890625,PreMarketWait,1
1723053874.640625,0.84375,PreMarketWait,1
1723053875.5,0.859375,PreMarketWait,1
1723053876.390625,0.890625,PreMarketWait,1
1723053877.265625,0.875,PreMarketWait,1
1723053878.109375,0.84375,PreMarketWait,1
1723053878.984375,0.875,PreMarketWait,1
1723053879.828125,0.84375,PreMarketWait,1
1723053880.6875,0.859375,PreMarketWait,1
1723053881.609375,0.921875,PreMarketWait,1
1723053882.4375,0.828125,PreMarketWait,1
1723054016.796875,0.75,PreMarketWait,1
1723054024.40625,0.796875,PreMarketWait,1
1723054025.203125,0.796875,PreMarketWait,1
1723054025.96875,0.765625,PreMarketWait,1
1723054026.796875,0.828125,PreMarketWait,1
1723054027.625,0.828125,PreMarketWait,1
1723054028.28125,0.65625,PreMarketWait,1
1723054101.8125,0.734375,MarketGridChoice,1
1723054112.828125,0.703125,MarketGridChoice,1
1723054113.6875,0.859375,MarketGridChoice,1
1723054114.3125,0.625,MarketGridChoice,1
1723054115.234375,0.921875,MarketGridChoice,1
1723054116.0,0.765625,MarketGridChoice,1
1723054116.8125,0.8125,MarketGridChoice,1
1723054117.609375,0.796875,ForecastPage,1
1723054118.375,0.765625,ForecastPage,1
1723054119.140625,0.765625,ForecastPage,1
1723054119.953125,0.8125,ForecastPage,1
1723054120.734375,0.78125,ForecastPage,1
1723054121.5,0.765625,ForecastPage,1
1723054122.328125,0.828125,ForecastPage,1
1723054123.125,0.796875,ForecastPage,1
1723054123.921875,0.796875,ForecastPage,1
1723054124.75,0.828125,ForecastPage,1
1723054125.75,1.0,ForecastPage,1
1723054126.515625,0.765625,ForecastPage,1
1723054130.5,0.828125,ForecastPage,1
1723054131.296875,0.796875,ForecastPage,1
1723054132.109375,0.8125,ForecastPage,1
1723054132.90625,0.796875,ForecastPage,1
1723054133.65625,0.75,ForecastPage,1
1723054134.5,0.84375,ForecastPage,1
1723054135.28125,0.78125,ForecastPage,1
1723054136.09375,0.8125,ForecastPage,1
1723054136.90625,0.8125,ForecastPage,1
1723054146.890625,0.78125,ForecastPage,1
1723054147.671875,0.78125,MarketWaitPage,1
1723054154.515625,0.734375,RoundResultsPage,1
1723054164.84375,0.765625,RiskPage1,1
1723054165.640625,0.796875,RiskPage1,1
1723054166.296875,0.65625,RiskPage1,1
1723054167.171875,0.875,RiskPage2,1
1723054167.875,0.703125,RiskPage2,1
1723054168.625,0.75,RiskPage2,1
1723054179.875,0.90625,RiskPage4,1
1723054180.625,0.75,RiskPage4,1
1723054181.453125,0.828125,RiskPage4,1
1723054182.28125,0.828125,RiskPage4,1
1723054183.0,0.71875,RiskPage4,1
1723054183.796875,0.796875,PreMarketWait,2
1723054184.5625,0.765625,PreMarketWait,2
1723054185.40625,0.84375,PreMarketWait,2
1723054186.125,0.71875,PreMarketWait,2
1723054186.921875,0.796875,PreMarketWait,2
1723054187.734375,0.8125,PreMarketWait,2
1723054188.546875,0.8125,PreMarketWait,2
1723054189.328125,0.78125,PreMarketWait,2
1723054190.109375,0.78125,PreMarketWait,2
1723054190.875,0.765625,PreMarketWait,2
1723054191.703125,0.828125,PreMarketWait,2
1723054192.328125,0.625,PreMarketWait,2
1723054193.21875,0.890625,PreMarketWait,2
1723054193.96875,0.75,PreMarketWait,2
1723054194.734375,0.765625,PreMarketWait,2
1723054195.46875,0.734375,PreMarketWait,2
1723054196.203125,0.734375,PreMarketWait,2
1723054196.96875,0.765625,PreMarketWait,2
1723054197.765625,0.796875,PreMarketWait,2
1723054198.421875,0.65625,PreMarketWait,2
1723054199.328125,0.90625,PreMarketWait,2
1723054200.046875,0.71875,PreMarketWait,2
1723054200.859375,0.8125,PreMarketWait,2
1723054201.515625,0.65625,PreMarketWait,2
1723054202.375,0.859375,PreMarketWait,2
1723054212.3125,0.75,PreMarketWait,2
1723054213.171875,0.859375,PreMarketWait,2
1723054252.390625,0.828125,ForecastPage,2
1723054253.1875,0.796875,ForecastPage,2
1723054254.03125,0.84375,ForecastPage,2
1723054254.859375,0.828125,ForecastPage,2
1723054255.640625,0.78125,ForecastPage,2
1723054256.375,0.734375,ForecastPage,2
1723054411.8125,0.34375,RiskPage3,3
1723054424.84375,0.4375,PreMarketWait,4
1723054463.109375,0.78125,MarketGridChoice,4
1723054463.90625,0.796875,MarketGridChoice,4
1723054464.703125,0.796875,MarketGridChoice,4
1723054465.53125,0.828125,MarketGridChoice,4
1723054466.328125,0.796875,MarketGridChoice,4
1723054467.15625,0.828125,MarketGridChoice,4
1723054467.984375,0.828125,MarketGridChoice,4
1723054468.84375,0.859375,MarketGridChoice,4
1723054469.6875,0.84375,MarketGridChoice,4
1723054470.515625,0.828125,MarketGridChoice,4
1723054471.375,0.859375,MarketGridChoice,4
1723054472.21875,0.84375,MarketGridChoice,4
1723054473.046875,0.828125,MarketGridChoice,4
1723054473.921875,0.875,MarketGridChoice,4
1723054474.8125,0.890625,ForecastPage,4
1723054475.6875,0.875,ForecastPage,4
1723054486.265625,0.796875,ForecastPage,4
1723054487.078125,0.8125,ForecastPage,4
1723054487.90625,0.828125,ForecastPage,4
1723054488.71875,0.8125,ForecastPage,4
1723054489.546875,0.828125,ForecastPage,4
1723054490.359375,0.8125,ForecastPage,4
1723054496.8125,0.671875,ForecastPage,4
1723054600.203125,0.78125,ForecastPage,5
1723054600.921875,0.71875,ForecastPage,5
1723054601.71875,0.796875,ForecastPage,5
1723054602.46875,0.75,ForecastPage,5
1723054603.265625,0.796875,ForecastPage,5
1723054604.015625,0.75,ForecastPage,5
1723054776.78125,0.390625,ForecastPage,7
1723054851.296875,0.8125,MarketGridChoice,8
1723054852.140625,0.84375,MarketGridChoice,8
1723055123.578125,0.890625,MarketGridChoice,10
1723055124.484375,0.90625,MarketGridChoice,10
1723055125.328125,0.84375,MarketGridChoice,10
1723055126.1875,0.859375,MarketGridChoice,10
1723055127.21875,1.03125,MarketGridChoice,10
1723055258.25,0.890625,ForecastPage,11
1723055259.109375,0.859375,ForecastPage,11
1723055259.9375,0.828125,ForecastPage,11
1723055260.78125,0.84375,ForecastPage,11
1723055261.640625,0.859375,ForecastPage,11
1723055358.203125,0.828125,MarketGridChoice,12
1723055359.03125,0.828125,MarketGridChoice,12
1723055359.875,0.84375,MarketGridChoice,12
1723055360.71875,0.84375,MarketGridChoice,12
1723055361.546875,0.828125,MarketGridChoice,12
1723055391.765625,0.828125,ForecastPage,12
1723055392.5625,0.796875,ForecastPage,12
1723055393.390625,0.828125,ForecastPage,12
1723055394.203125,0.8125,ForecastPage,12
1723055395.03125,0.828125,ForecastPage,12
1723055468.890625,0.765625,MarketGridChoice,13
1723055469.671875,0.78125,MarketGridChoice,13
1723055470.484375,0.8125,MarketGridChoice,13
1723055471.265625,0.78125,MarketGridChoice,13
1723055472.09375,0.828125,MarketGridChoice,13
1723055472.875,0.78125,MarketGridChoice,13
1723055473.640625,0.765625,ForecastPage,13
1723055474.453125,0.8125,ForecastPage,13
1723055489.46875,0.734375,ForecastPage,13
1723055490.21875,0.75,ForecastPage,13
1723055490.96875,0.75,ForecastPage,13
1723055491.71875,0.75,ForecastPage,13
1723055492.453125,0.734375,ForecastPage,13
1723055493.21875,0.765625,ForecastPage,13
1723055494.0,0.78125,ForecastPage,13
1723055494.78125,0.78125,ForecastPage,13
1723055495.59375,0.8125,ForecastPage,13
1723055496.328125,0.734375,ForecastPage,13
1723055497.140625,0.8125,ForecastPage,13
1723055497.921875,0.78125,ForecastPage,13
1723055542.890625,0.828125,PreMarketWait,14
1723055543.703125,0.8125,PreMarketWait,14
1723055544.53125,0.828125,MarketGridChoice,14
1723055545.328125,0.796875,MarketGridChoice,14
1723055546.109375,0.78125,MarketGridChoice,14
1723055546.921875,0.8125,MarketGridChoice,14
1723055559.453125,0.78125,MarketGridChoice,14
1723055560.265625,0.8125,MarketGridChoice,14
1723055561.078125,0.8125,MarketGridChoice,14
1723055561.921875,0.84375,MarketGridChoice,14
1723055562.734375,0.8125,MarketGridChoice,14
1723055563.546875,0.8125,MarketGridChoice,14
1723055572.125,0.75,ForecastPage,14
1723055572.890625,0.765625,ForecastPage,14
1723055573.65625,0.765625,ForecastPage,14
1723055574.40625,0.75,ForecastPage,14
1723055575.140625,0.734375,ForecastPage,14
1723055575.890625,0.75,ForecastPage,14
1723055576.640625,0.75,ForecastPage,14
1723055577.421875,0.78125,ForecastPage,14
1723055578.203125,0.78125,ForecastPage,14
1723055578.984375,0.78125,ForecastPage,14
1723055579.734375,0.75,ForecastPage,14
1723055580.515625,0.78125,ForecastPage,14
1723055581.328125,0.8125,ForecastPage,14
1723055582.09375,0.765625,ForecastPage,14
1723055582.875,0.78125,ForecastPage,14
1723055583.671875,0.796875,ForecastPage,14
1723055589.640625,0.6875,ForecastPage,14
1723056016.390625,0.65625,RiskPage3,18
1723056017.0625,0.671875,RiskPage3,18
1723056017.75,0.6875,RiskPage3,18
1723056026.8125,0.484375,PreMarketWait,19
1723056135.875,0.796875,MarketGridChoice,20
1723056136.6875,0.8125,MarketGridChoice,20
1723056178.359375,0.796875,ForecastPage,20
1723056179.140625,0.78125,ForecastPage,20
1723056179.921875,0.78125,ForecastPage,20
1723056180.609375,0.6875,ForecastPage,20
1723056181.515625,0.90625,ForecastPage,20
1723056182.34375,0.828125,ForecastPage,20
1723056183.15625,0.8125,ForecastPage,20
1723056183.984375,0.828125,ForecastPage,20
1723056246.0625,0.796875,MarketGridChoice,21
1723056246.921875,0.859375,MarketGridChoice,21
1723056247.734375,0.8125,MarketGridChoice,21
1723056248.5625,0.828125,ForecastPage,21
1723056249.390625,0.828125,ForecastPage,21
1723056250.21875,0.828125,ForecastPage,21
1723056251.0,0.78125,ForecastPage,21
1723056259.9375,0.828125,ForecastPage,21
1723056260.78125,0.84375,ForecastPage,21
1723056261.625,0.84375,ForecastPage,21
1723056262.421875,0.796875,ForecastPage,21
1723056263.265625,0.84375,ForecastPage,21
1723056264.09375,0.828125,ForecastPage,21
1723056264.890625,0.796875,ForecastPage,21
1723056300.921875,0.828125,RiskPage2,21
1723056301.703125,0.78125,RiskPage2,21
1723056302.515625,0.8125,RiskPage2,21
1723056303.265625,0.75,RiskPage3,21
1723056304.0625,0.796875,RiskPage3,21
1723056304.890625,0.828125,RiskPage3,21
1723056305.6875,0.796875,RiskPage3,21
1723056306.46875,0.78125,RiskPage3,21
1723056307.25,0.78125,RiskPage3,21
1723056308.046875,0.796875,RiskPage4,21
1723056362.71875,0.828125,ForecastPage,22
1723056363.578125,0.859375,ForecastPage,22
1723056364.390625,0.8125,ForecastPage,22
1723056365.21875,0.828125,ForecastPage,22
1723056366.078125,0.859375,ForecastPage,22
1723056366.9375,0.859375,ForecastPage,22
1723056367.78125,0.84375,ForecastPage,22
1723056368.640625,0.859375,ForecastPage,22
1723056369.46875,0.828125,ForecastPage,22
1723056370.265625,0.796875,ForecastPage,22
1723056384.65625,0.71875,RiskPage2,22
1723056385.375,0.71875,RiskPage2,22
1723056386.09375,0.71875,RiskPage2,22
1723056386.875,0.78125,RiskPage2,22
1723056387.609375,0.734375,RiskPage2,22
1723056388.390625,0.78125,RiskPage3,22
1723056388.984375,0.59375,RiskPage3,22
1723056392.453125,0.859375,RiskPage3,22
1723056393.28125,0.828125,RiskPage4,22
1723056394.109375,0.828125,RiskPage4,22
1723056394.921875,0.8125,RiskPage4,22
1723056395.734375,0.8125,RiskPage4,22
1723056396.546875,0.8125,RiskPage4,22
1723056397.359375,0.8125,RiskPage4,22
1723056398.1875,0.828125,RiskPage4,22
1723056398.984375,0.796875,RiskPage4,22
1723056399.828125,0.84375,PreMarketWait,23
1723056400.65625,0.828125,PreMarketWait,23
1723056401.359375,0.703125,PreMarketWait,23
1723056402.265625,0.90625,PreMarketWait,23
1723056408.75,0.84375,MarketGridChoice,23
1723056409.546875,0.796875,MarketGridChoice,23
1723056417.390625,0.8125,MarketGridChoice,23
1723056418.171875,0.78125,MarketGridChoice,23
1723056419.015625,0.84375,MarketGridChoice,23
1723056419.84375,0.828125,MarketGridChoice,23
1723056420.703125,0.859375,MarketGridChoice,23
1723056421.5625,0.859375,MarketGridChoice,23
1723056422.421875,0.859375,MarketGridChoice,23
1723056423.265625,0.84375,MarketGridChoice,23
1723056424.109375,0.84375,MarketGridChoice,23
1723056424.921875,0.8125,MarketGridChoice,23
1723056425.765625,0.84375,MarketGridChoice,23
1723056426.546875,0.78125,ForecastPage,23
1723056427.34375,0.796875,ForecastPage,23
1723056443.484375,0.8125,ForecastPage,23
1723056444.296875,0.8125,ForecastPage,23
1723056445.140625,0.84375,ForecastPage,23
1723056445.9375,0.796875,ForecastPage,23
1723056446.65625,0.71875,ForecastPage,23
1723056447.59375,0.9375,ForecastPage,23
1723056448.40625,0.8125,ForecastPage,23
1723056504.75,0.515625,PreMarketWait,24
1723056505.171875,0.421875,PreMarketWait,24
1723056505.65625,0.484375,PreMarketWait,24
1723056520.359375,0.796875,PreMarketWait,24
1723056521.046875,0.6875,PreMarketWait,24
1723056521.921875,0.875,PreMarketWait,24
1723056522.546875,0.625,PreMarketWait,24
1723056523.34375,0.796875,PreMarketWait,24
1723056524.203125,0.859375,PreMarketWait,24
1723056524.96875,0.765625,PreMarketWait,24
1723056525.734375,0.765625,PreMarketWait,24
1723056546.8125,0.796875,MarketGridChoice,24
1723056566.40625,0.78125,ForecastPage,24
1723056567.21875,0.8125,ForecastPage,24
1723056568.21875,1.0,ForecastPage,24
1723056608.8125,0.8125,RiskPage1,24
1723056609.71875,0.90625,RiskPage2,24
1723056610.46875,0.75,RiskPage2,24
1723056611.25,0.78125,RiskPage2,24
1723056627.640625,0.796875,PreMarketWait,25
1723056628.59375,0.953125,PreMarketWait,25
1723056632.390625,0.875,PreMarketWait,25
1723056633.21875,0.828125,PreMarketWait,25
1723056648.765625,0.859375,MarketGridChoice,25
1723056649.65625,0.890625,MarketGridChoice,25
1723056650.703125,1.046875,MarketGridChoice,25
1723056651.5625,0.859375,MarketGridChoice,25
1723056652.421875,0.859375,MarketGridChoice,25
1723056653.296875,0.875,MarketGridChoice,25
1723056654.171875,0.875,MarketGridChoice,25
1723056654.984375,0.8125,MarketGridChoice,25
1723056655.984375,1.0,MarketGridChoice,25
1723056656.859375,0.875,MarketGridChoice,25
1723056657.734375,0.875,MarketGridChoice,25
1723056658.640625,0.90625,MarketGridChoice,25
1723056659.5625,0.921875,MarketGridChoice,25
1723056660.453125,0.890625,MarketGridChoice,25
1723056661.375,0.921875,MarketGridChoice,25
1723056662.296875,0.921875,MarketGridChoice,25
1723056663.1875,0.890625,MarketGridChoice,25
1723056667.625,1.015625,ForecastPage,25
1723056668.53125,0.90625,ForecastPage,25
1723056709.3125,0.453125,RoundResultsPage,25
1723056709.90625,0.59375,RoundResultsPage,25
1723056736.640625,0.71875,PreMarketWait,26
1723056737.234375,0.59375,PreMarketWait,26
1723056741.109375,0.75,MarketGridChoice,26
1723056741.84375,0.734375,MarketGridChoice,26
1723056742.65625,0.8125,MarketGridChoice,26
1723056743.4375,0.78125,MarketGridChoice,26
1723056744.203125,0.765625,MarketGridChoice,26
1723056744.96875,0.765625,MarketGridChoice,26
1723056745.703125,0.734375,MarketGridChoice,26
1723056746.53125,0.828125,MarketGridChoice,26
1723056747.296875,0.765625,MarketGridChoice,26
1723056753.671875,0.796875,MarketGridChoice,26
1723056754.484375,0.8125,MarketGridChoice,26
1723056755.3125,0.828125,MarketGridChoice,26
1723056756.140625,0.828125,MarketGridChoice,26
1723056756.96875,0.828125,MarketGridChoice,26
1723056757.78125,0.8125,MarketGridChoice,26
1723056758.640625,0.859375,MarketGridChoice,26
1723056759.484375,0.84375,MarketGridChoice,26
1723056760.28125,0.796875,MarketGridChoice,26
1723056779.625,0.828125,ForecastPage,26
1723056780.453125,0.828125,ForecastPage,26
1723056781.265625,0.8125,ForecastPage,26
1723056782.0625,0.796875,ForecastPage,26
1723056818.5,0.953125,RiskPage3,26
1723056819.65625,1.15625,RiskPage3,26
1723056883.21875,0.84375,MarketWaitPage,27
1723056910.984375,0.796875,RiskPage3,27
1723056911.828125,0.84375,RiskPage3,27
1723056912.625,0.796875,RiskPage3,27
1723056913.453125,0.828125,RiskPage3,27
1723056914.28125,0.828125,RiskPage4,27
1723056952.109375,0.875,ForecastPage,28
1723056952.859375,0.75,ForecastPage,28
1723056953.8125,0.953125,ForecastPage,28
1723056954.640625,0.828125,ForecastPage,28
1723056955.484375,0.84375,ForecastPage,28
1723056956.328125,0.84375,ForecastPage,28
1723056957.1875,0.859375,ForecastPage,28
1723056958.015625,0.828125,ForecastPage,28
1723056958.84375,0.828125,ForecastPage,28
1723056959.703125,0.859375,ForecastPage,28
1723056960.53125,0.828125,ForecastPage,28
1723056961.390625,0.859375,ForecastPage,28
1723057174.765625,0.828125,MarketGridChoice,30
1723057175.625,0.859375,MarketGridChoice,30
